
# OSU MPI Allreduce Latency Test v7.5
# Datatype: MPI_INT.
# Size       Avg Latency(us)
4                       4.66
8                       4.93
16                      4.79
32                      5.10
64                      5.61
128                     7.57
256                     8.67
512                    10.96
1024                   12.99
2048                   15.80
4096                   30.36
8192                   33.77
16384                  43.88
32768                  61.47
65536                 107.40
131072                205.11
262144                399.91
524288                561.68
1048576               874.20
