# OSU OpenSHMEM Get Test v7.5
# Size          Latency (us)
1                       0.03
2                       0.02
4                       0.02
8                       0.02
16                      0.02
32                      0.02
64                      0.02
128                     0.02
256                     0.02
512                     0.02
1024                    0.02
2048                    0.03
4096                    0.05
8192                    0.08
16384                   0.27
32768                   0.69
65536                   1.28
131072                  2.48
262144                  5.26
524288                 18.34
1048576                27.09
