
# OSU MPI Bandwidth Test v7.5
# Datatype: MPI_CHAR.
# Size      Bandwidth (MB/s)
1                       8.08
2                      18.98
4                      42.88
8                      85.57
16                    172.60
32                    347.09
64                    699.48
128                  1371.42
256                  2478.59
512                  4373.74
1024                 8048.79
2048                10474.00
4096                16690.10
8192                34613.99
16384               42958.93
32768               42861.69
65536               47739.88
131072              50740.12
262144              46201.88
524288              42448.04
1048576             42452.13
2097152             42704.80
4194304             42772.17
