# OSU OpenSHMEM Get Test v7.5
# Size          Latency (us)
1                       2.77
2                       2.77
4                       2.77
8                       2.76
16                      2.77
32                      2.76
64                      2.77
128                     2.78
256                     2.77
512                     2.83
1024                    2.90
2048                    3.10
4096                    3.13
8192                    3.44
16384                   3.82
32768                   4.53
65536                   5.86
131072                  8.52
262144                 13.91
524288                 24.66
1048576                46.23
