# OSU OpenSHMEM Put Bandwidth Test v7.5
# Size      Bandwidth (MB/s)
1                       3.26
2                       6.90
4                      13.84
8                      27.61
16                     55.40
32                    110.80
64                    220.31
128                   466.98
256                   461.01
512                   173.54
1024                  297.48
2048                  591.45
4096                 1174.75
8192                 2304.55
16384                3938.46
32768                6971.91
65536               10452.31
131072              14743.76
262144              18486.88
524288              20821.60
1048576             22554.87
