# OSU OpenSHMEM Put Test v7.5
# Size          Latency (us)
1                       5.70
2                       5.62
4                       5.48
8                       5.51
16                      5.49
32                      5.52
64                      5.52
128                     6.09
256                     6.63
512                     6.50
1024                    6.55
2048                    6.74
4096                    6.78
8192                    7.10
16384                   7.56
32768                   8.04
65536                   9.48
131072                 11.94
262144                 17.41
524288                 28.36
1048576                50.31
