# OSU OpenSHMEM Get Test v7.5
# Size          Latency (us)
1                       2.76
2                       2.77
4                       2.77
8                       2.77
16                      2.75
32                      2.76
64                      2.77
128                     2.77
256                     2.74
512                     2.88
1024                    2.89
2048                    3.13
4096                    3.14
8192                    3.48
16384                   3.85
32768                   4.51
65536                   5.85
131072                  8.57
262144                 13.92
524288                 24.69
1048576                46.27
