
# OSU MPI Latency Test v7.5
# Datatype: MPI_CHAR.
# Size       Avg Latency(us)
1                       0.22
2                       0.22
4                       0.21
8                       0.24
16                      0.22
32                      0.23
64                      0.24
128                     0.26
256                     0.26
512                     0.30
1024                    0.32
2048                    0.38
4096                    0.47
8192                    0.40
16384                   0.59
32768                   0.94
65536                   1.55
131072                  2.76
262144                  6.03
524288                 12.66
1048576                25.16
2097152                49.47
4194304                97.91
