# OSU OpenSHMEM Put Bandwidth Test v7.5
# Size      Bandwidth (MB/s)
1                      48.08
2                     118.34
4                     238.10
8                     519.48
16                   1019.11
32                   1818.18
64                   3902.44
128                  7852.76
256                 13837.84
512                 25989.85
1024                44521.74
2048                74202.90
4096                95477.86
8192               101011.10
16384               58514.29
32768               47489.86
65536               49275.19
131072              52639.36
262144              49367.98
524288              29822.98
1048576             38980.52
