# OSU OpenSHMEM Put Test v7.5
# Size          Latency (us)
1                       0.03
2                       0.02
4                       0.02
8                       0.02
16                      0.02
32                      0.03
64                      0.02
128                     0.02
256                     0.03
512                     0.03
1024                    0.03
2048                    0.03
4096                    0.05
8192                    0.08
16384                   0.18
32768                   0.61
65536                   1.22
131072                  2.42
262144                  5.19
524288                 17.89
1048576                26.51
