
# OSU MPI Allreduce Latency Test v7.5
# Datatype: MPI_INT.
# Size       Avg Latency(us)
4                       5.94
8                       5.81
16                      5.78
32                      5.75
64                      5.91
128                     7.15
256                     8.44
512                    12.58
1024                   14.59
2048                   17.32
4096                   32.74
8192                   29.46
16384                  46.72
32768                  57.42
65536                 109.34
131072                208.79
262144                411.47
524288                652.48
1048576               981.63
