
# OSU MPI Bandwidth Test v7.5
# Datatype: MPI_CHAR.
# Size      Bandwidth (MB/s)
1                       2.41
2                       4.72
4                       9.37
8                      16.80
16                     39.84
32                     79.54
64                    161.05
128                   317.85
256                   597.90
512                  1170.22
1024                 2058.95
2048                 4245.11
4096                 9536.12
8192                18470.43
16384               21111.06
32768               21792.55
65536               22987.01
131072              23541.34
262144              23818.07
524288              23954.75
1048576             24020.88
2097152             24053.10
4194304             24071.14
