# OSU OpenSHMEM Get Bandwidth Test v7.5
# Size      Bandwidth (MB/s)
1                      46.73
2                     126.58
4                     281.69
8                     509.55
16                    919.54
32                   1545.89
64                   3742.69
128                  7710.84
256                 13617.02
512                 25472.64
1024                46757.99
2048                74202.90
4096                87897.00
8192               100269.28
16384               58514.29
32768               46811.43
65536               51200.00
131072              52851.61
262144              49461.13
524288              28006.84
1048576             39053.11
