
# OSU MPI Bandwidth Test v7.5
# Datatype: MPI_CHAR.
# Size      Bandwidth (MB/s)
1                       2.31
2                       4.61
4                       9.19
8                      15.56
16                     38.94
32                     76.19
64                    155.85
128                   304.85
256                   598.91
512                  1132.25
1024                 2376.96
2048                 4546.60
4096                 9533.34
8192                18713.86
16384               21138.64
32768               21801.27
65536               22813.51
131072              23535.73
262144              23816.99
524288              23956.29
1048576             24023.69
2097152             24055.72
4194304             24075.05
