# OSU OpenSHMEM Get Bandwidth Test v7.5
# Size      Bandwidth (MB/s)
1                       0.36
2                       0.72
4                       1.45
8                       2.89
16                      5.79
32                     11.54
64                     23.09
128                    46.21
256                    92.65
512                   177.27
1024                  354.46
2048                  654.56
4096                 1307.41
8192                 2355.11
16384                4179.59
32768                7170.24
65536               11014.45
131072              15013.97
262144              18486.88
524288              21081.14
1048576             22554.87
