# OSU OpenSHMEM Put Bandwidth Test v7.5
# Size      Bandwidth (MB/s)
1                       5.03
2                      10.44
4                      21.73
8                      44.32
16                     82.22
32                    158.42
64                    316.99
128                   543.99
256                  1081.99
512                  1909.02
1024                 3485.36
2048                 6113.43
4096                 6413.03
8192                 6311.73
16384                2304.36
32768                3169.05
65536                4116.58
131072               5018.07
262144               5568.05
524288               5886.91
1048576              6124.14
