
# OSU MPI Bandwidth Test v7.5
# Datatype: MPI_CHAR.
# Size      Bandwidth (MB/s)
1                       3.26
2                       6.77
4                      13.73
8                      27.47
16                     54.18
32                    108.59
64                    208.97
128                   355.76
256                   699.66
512                  1343.50
1024                 2205.30
2048                 3378.18
4096                 4675.70
8192                 5705.55
16384                5949.58
32768                6208.84
65536                6317.14
131072               6255.59
262144               6482.36
524288               6506.89
1048576              6519.65
2097152              6522.96
4194304              6525.58
