# OSU OpenSHMEM Get Test v7.5
# Size          Latency (us)
1                       0.06
2                       0.04
4                       0.05
8                       0.04
16                      0.05
32                      0.04
64                      0.05
128                     0.05
256                     0.05
512                     0.06
1024                    0.05
2048                    0.07
4096                    0.09
8192                    0.16
16384                   0.94
32768                   1.59
65536                   3.75
131072                  7.10
262144                 16.86
524288                 40.40
1048576                76.31
