# OSU OpenSHMEM Get Test v7.5
# Size          Latency (us)
1                       2.42
2                       2.33
4                       2.32
8                       2.33
16                      2.33
32                      2.35
64                      2.36
128                     2.41
256                     2.43
512                     2.55
1024                    2.84
2048                    3.16
4096                    3.88
8192                    4.75
16384                   7.21
32768                  10.84
65536                  16.99
131072                 27.09
262144                 47.19
524288                 87.39
1048576               167.64
