
# OSU MPI Allreduce Latency Test v7.5
# Datatype: MPI_INT.
# Size       Avg Latency(us)
4                       8.67
8                       8.47
16                      7.91
32                      8.30
64                      8.36
128                    16.62
256                    17.45
512                    18.28
1024                   19.60
2048                   21.26
4096                   24.50
8192                   27.87
16384                  36.82
32768                  53.90
65536                  87.38
131072                162.92
262144                312.87
524288                542.22
1048576              1369.56
