
# OSU MPI Latency Test v7.5
# Datatype: MPI_CHAR.
# Size       Avg Latency(us)
1                       1.74
2                       1.71
4                       1.71
8                       1.72
16                      1.72
32                      1.73
64                      1.87
128                     2.45
256                     2.48
512                     2.62
1024                    2.89
2048                    3.43
4096                    4.41
8192                    6.13
16384                   7.78
32768                  10.90
65536                  17.23
131072                 29.88
262144                 49.47
524288                 89.79
1048576               170.49
2097152               331.54
4194304               652.57
