
# OSU MPI Latency Test v7.5
# Datatype: MPI_CHAR.
# Size       Avg Latency(us)
1                       0.26
2                       0.26
4                       0.26
8                       0.26
16                      0.26
32                      0.31
64                      0.30
128                     0.45
256                     0.46
512                     0.49
1024                    0.57
2048                    0.83
4096                    1.19
8192                    1.99
16384                   3.05
32768                   5.06
65536                   8.93
131072                 17.99
262144                 23.48
524288                 47.43
1048576                90.03
2097152               172.61
4194304               359.50
