# OSU OpenSHMEM Get Bandwidth Test v7.5
# Size      Bandwidth (MB/s)
1                       0.45
2                       0.88
4                       1.79
8                       3.65
16                      7.15
32                     14.52
64                     29.90
128                    59.40
256                   107.54
512                   202.97
1024                  393.62
2048                  670.57
4096                 1082.68
8192                 1709.73
16384                2259.86
32768                2851.87
65536                3600.88
131072               4774.94
262144               5445.45
524288               5961.21
1048576              6108.80
