
# OSU MPI Bandwidth Test v7.5
# Datatype: MPI_CHAR.
# Size      Bandwidth (MB/s)
1                       3.22
2                       6.31
4                      12.92
8                      27.48
16                     55.61
32                    108.29
64                    213.10
128                   336.21
256                   707.59
512                  1363.23
1024                 2231.83
2048                 3474.03
4096                 4757.60
8192                 5723.93
16384                5999.94
32768                6245.02
65536                6341.59
131072               6299.35
262144               6493.62
524288               6415.51
1048576              6518.79
2097152              6522.01
4194304              6521.63
