# OSU OpenSHMEM Get Bandwidth Test v7.5
# Size      Bandwidth (MB/s)
1                      17.51
2                      39.68
4                      80.48
8                     152.09
16                    334.73
32                    621.36
64                   1350.21
128                  2365.99
256                  4961.24
512                  9808.43
1024                16253.97
2048                27125.83
4096                42489.63
8192                54036.94
16384               24824.24
32768               16633.50
65536               19799.40
131072              18229.76
262144              14356.19
524288              13439.84
1048576             13502.14
