# OSU OpenSHMEM Put Bandwidth Test v7.5
# Size      Bandwidth (MB/s)
1                       4.80
2                       9.95
4                      20.45
8                      40.61
16                     83.51
32                    160.48
64                    306.37
128                   504.73
256                  1000.39
512                  1865.89
1024                 3487.74
2048                 6159.40
4096                 6341.54
8192                 6366.18
16384                2161.48
32768                3056.72
65536                3757.80
131072               4801.17
262144               5483.04
524288               5909.47
1048576              6232.25
