
# OSU MPI Latency Test v7.5
# Datatype: MPI_CHAR.
# Size       Avg Latency(us)
1                       1.72
2                       1.70
4                       1.70
8                       1.70
16                      1.70
32                      1.74
64                      1.87
128                     2.43
256                     2.50
512                     2.60
1024                    2.89
2048                    3.43
4096                    4.45
8192                    6.16
16384                   8.07
32768                  11.04
65536                  17.40
131072                 30.11
262144                 48.83
524288                 89.20
1048576               169.73
2097152               330.68
4194304               652.59
