# OSU OpenSHMEM Get Test v7.5
# Size          Latency (us)
1                       2.12
2                       2.16
4                       2.21
8                       2.18
16                      2.17
32                      2.09
64                      2.02
128                     2.23
256                     2.44
512                     2.42
1024                    2.63
2048                    3.00
4096                    3.89
8192                    4.77
16384                   7.64
32768                  10.83
65536                  17.04
131072                 28.39
262144                 47.80
524288                 90.12
1048576               171.08
