# OSU OpenSHMEM Put Test v7.5
# Size          Latency (us)
1                       0.10
2                       0.09
4                       0.09
8                       0.09
16                      0.09
32                      0.09
64                      0.09
128                     0.12
256                     0.12
512                     0.15
1024                    0.13
2048                    0.14
4096                    0.16
8192                    0.25
16384                   1.28
32768                   1.74
65536                   3.48
131072                  7.16
262144                 18.83
524288                 41.56
1048576                71.66
