# OSU OpenSHMEM Put Test v7.5
# Size          Latency (us)
1                       1.96
2                       1.94
4                       1.94
8                       1.93
16                      1.85
32                      1.83
64                      1.92
128                     2.33
256                     2.32
512                     2.35
1024                    2.26
2048                    2.69
4096                    3.46
8192                    4.88
16384                   7.41
32768                  10.43
65536                  15.91
131072                 26.16
262144                 47.09
524288                 87.69
1048576               170.11
