# OSU OpenSHMEM Put Bandwidth Test v7.5
# Size      Bandwidth (MB/s)
1                      29.85
2                      58.48
4                     122.70
8                     262.30
16                    663.90
32                   1126.76
64                   2077.92
128                  2612.24
256                  4894.84
512                  8012.52
1024                16953.64
2048                28016.42
4096                43025.21
8192                53930.22
16384               19980.49
32768               21277.92
65536               17906.01
131072              20805.08
262144              15135.33
524288              13572.04
1048576             14947.63
