
# OSU MPI Bandwidth Test v7.5
# Datatype: MPI_CHAR.
# Size      Bandwidth (MB/s)
1                       7.70
2                      17.61
4                      38.45
8                      76.24
16                    153.04
32                    270.01
64                    562.96
128                   476.62
256                   935.54
512                  1833.00
1024                 3381.74
2048                 4415.88
4096                 6413.25
8192                 8312.24
16384                7990.75
32768               11700.48
65536               13525.07
131072              14203.62
262144              12205.80
524288              11529.41
1048576             11556.93
2097152             11847.35
4194304             11840.44
