
# OSU MPI Allreduce Latency Test v7.5
# Datatype: MPI_INT.
# Size       Avg Latency(us)
4                       8.82
8                       8.16
16                      8.13
32                      8.27
64                      8.38
128                    16.77
256                    17.61
512                    18.44
1024                   19.49
2048                   21.39
4096                   24.51
8192                   28.03
16384                  37.13
32768                  54.37
65536                  87.34
131072                163.97
262144                312.44
524288                540.41
1048576              1362.02
