# OSU OpenSHMEM Put Test v7.5
# Size          Latency (us)
1                       1.86
2                       1.85
4                       1.84
8                       1.84
16                      1.85
32                      2.00
64                      1.93
128                     2.31
256                     2.33
512                     2.39
1024                    2.61
2048                    2.94
4096                    3.72
8192                    4.88
16384                   6.77
32768                  10.32
65536                  16.97
131072                 26.73
262144                 46.78
524288                 86.90
1048576               167.38
