# OSU OpenSHMEM Get Bandwidth Test v7.5
# Size      Bandwidth (MB/s)
1                       0.46
2                       0.97
4                       1.96
8                       3.94
16                      7.80
32                     15.28
64                     29.64
128                    55.58
256                   114.87
512                   217.23
1024                  395.05
2048                  648.29
4096                 1062.76
8192                 1707.27
16384                2238.25
32768                2978.91
65536                3903.28
131072               4735.26
262144               5463.61
524288               5867.14
1048576              6132.02
