
# OSU MPI Allreduce Latency Test v7.5
# Datatype: MPI_INT.
# Size       Avg Latency(us)
4                       3.73
8                       3.73
16                      3.72
32                      4.36
64                      4.19
128                     7.71
256                     8.26
512                     9.04
1024                   10.12
2048                   11.41
4096                   14.05
8192                   17.39
16384                  27.32
32768                  42.62
65536                  71.03
131072                136.57
262144                269.21
524288                484.24
1048576              1290.72
