
# OSU MPI Latency Test v7.5
# Datatype: MPI_CHAR.
# Size       Avg Latency(us)
1                       1.75
2                       1.70
4                       1.70
8                       1.68
16                      1.68
32                      1.68
64                      1.69
128                     2.21
256                     2.33
512                     2.39
1024                    2.47
2048                    2.61
4096                    2.73
8192                    3.01
16384                   3.35
32768                   5.97
65536                   7.32
131072                 10.02
262144                 15.42
524288                 26.25
1048576                48.02
2097152                91.57
4194304               178.60
