# OSU OpenSHMEM Get Bandwidth Test v7.5
# Size      Bandwidth (MB/s)
1                       0.37
2                       0.73
4                       1.46
8                       2.93
16                      5.86
32                     11.71
64                     23.43
128                    46.90
256                    92.52
512                   179.84
1024                  351.78
2048                  655.93
4096                 1296.57
8192                 2357.89
16384                4300.26
32768                7249.56
65536               11202.74
131072              15312.15
262144              18845.72
524288              21243.44
1048576             22676.82
