
# OSU MPI Allreduce Latency Test v7.5
# Datatype: MPI_INT.
# Size       Avg Latency(us)
4                       5.89
8                       5.80
16                      5.75
32                      5.80
64                      5.93
128                     7.15
256                     8.43
512                    12.54
1024                   14.58
2048                   17.39
4096                   32.87
8192                   29.44
16384                  46.59
32768                  57.16
65536                 111.76
131072                209.23
262144                412.62
524288                602.41
1048576               906.05
