# OSU OpenSHMEM Put Bandwidth Test v7.5
# Size      Bandwidth (MB/s)
1                       3.45
2                       6.91
4                      13.85
8                      27.70
16                     55.59
32                    110.19
64                    219.10
128                   465.29
256                   463.26
512                   175.08
1024                  300.52
2048                  597.66
4096                 1194.20
8192                 2090.97
16384                3819.11
32768                4825.92
65536               10778.95
131072              14531.26
262144              18447.85
524288              21115.10
1048576             22424.64
