# OSU OpenSHMEM Put Test v7.5
# Size          Latency (us)
1                       5.66
2                       5.59
4                       5.48
8                       5.49
16                      5.49
32                      5.49
64                      5.39
128                     6.17
256                     6.67
512                     6.44
1024                    6.44
2048                    6.46
4096                    6.42
8192                    6.92
16384                   7.48
32768                   7.97
65536                   9.34
131072                 12.32
262144                 17.37
524288                 28.12
1048576                49.98
