# OSU OpenSHMEM Get Bandwidth Test v7.5
# Size      Bandwidth (MB/s)
1                       0.20
2                       0.40
4                       0.80
8                       1.61
16                      3.22
32                      6.38
64                     13.08
128                    26.18
256                    52.50
512                   104.05
1024                  192.46
2048                  370.65
4096                  652.16
8192                 1194.94
16384                2025.22
32768                3289.96
65536                5289.43
131072               7261.61
262144               9188.36
524288              10477.38
1048576             11288.36
