# OSU OpenSHMEM Put Bandwidth Test v7.5
# Size      Bandwidth (MB/s)
1                       0.67
2                       1.32
4                       2.63
8                       5.24
16                     10.50
32                     20.92
64                     42.14
128                    84.11
256                    51.20
512                   104.29
1024                  206.04
2048                  367.60
4096                  647.11
8192                 1204.78
16384                2002.93
32768                3225.20
65536                5128.01
131072               7209.68
262144               9051.93
524288              10425.29
1048576             11259.27
