
# OSU MPI Latency Test v7.5
# Datatype: MPI_CHAR.
# Size       Avg Latency(us)
1                       0.45
2                       0.44
4                       0.43
8                       0.44
16                      0.43
32                      0.45
64                      0.45
128                     0.46
256                     0.46
512                     0.48
1024                    0.58
2048                    0.65
4096                    0.81
8192                    0.65
16384                   1.04
32768                   1.69
65536                   2.79
131072                  5.04
262144                 10.56
524288                 19.77
1048576                38.78
2097152                77.46
4194304               194.49
