# OSU OpenSHMEM Put Test v7.5
# Size          Latency (us)
1                       6.35
2                       6.28
4                       6.34
8                       6.27
16                      6.35
32                      6.31
64                      6.36
128                     6.31
256                    10.07
512                     9.95
1024                   10.11
2048                   10.67
4096                   11.37
8192                   11.86
16384                  12.64
32768                  15.04
65536                  18.25
131072                 23.25
262144                 34.20
524288                 55.53
1048576                98.31
