
# OSU MPI Latency Test v7.5
# Datatype: MPI_CHAR.
# Size       Avg Latency(us)
1                       2.48
2                       2.48
4                       2.48
8                       2.48
16                      2.50
32                      2.48
64                      2.52
128                     2.55
256                     3.20
512                     3.31
1024                    3.49
2048                    3.89
4096                    4.73
8192                    5.79
16384                   7.85
32768                  14.90
65536                  17.63
131072                 22.96
262144                 33.64
524288                 55.14
1048576                98.05
2097152               184.06
4194304               354.99
