
# OSU MPI Latency Test v7.5
# Datatype: MPI_CHAR.
# Size       Avg Latency(us)
1                       2.55
2                       2.55
4                       2.54
8                       2.53
16                      2.55
32                      2.56
64                      2.57
128                     2.60
256                     3.27
512                     3.36
1024                    3.56
2048                    3.92
4096                    4.84
8192                    5.89
16384                   8.18
32768                  15.09
65536                  17.77
131072                 23.27
262144                 33.81
524288                 55.30
1048576                98.38
2097152               184.00
4194304               355.24
