
# OSU MPI Allreduce Latency Test v7.5
# Datatype: MPI_INT.
# Size       Avg Latency(us)
4                       6.79
8                       6.80
16                      6.84
32                      7.01
64                      7.29
128                     8.59
256                    11.03
512                    19.54
1024                   22.75
2048                   31.88
4096                   37.87
8192                   41.87
16384                  51.90
32768                  70.47
65536                 108.20
131072                176.56
262144                304.77
524288                581.33
1048576              1198.36
