
# OSU MPI Allreduce Latency Test v7.5
# Datatype: MPI_INT.
# Size       Avg Latency(us)
4                       5.92
8                       5.83
16                      5.93
32                      6.49
64                      7.05
128                    10.81
256                    12.48
512                    15.64
1024                   18.45
2048                   26.72
4096                   37.86
8192                   35.11
16384                  43.18
32768                  64.63
65536                  94.94
131072                168.85
262144                298.56
524288                578.39
1048576              1342.57
