# OSU OpenSHMEM Put Test v7.5
# Size          Latency (us)
1                       6.37
2                       6.34
4                       6.39
8                       6.30
16                      6.41
32                      6.40
64                      6.42
128                     6.36
256                    10.15
512                    10.04
1024                   10.18
2048                   10.69
4096                   11.42
8192                   11.96
16384                  13.08
32768                  15.27
65536                  17.90
131072                 23.51
262144                 34.08
524288                 55.46
1048576                98.39
