# OSU OpenSHMEM Get Bandwidth Test v7.5
# Size      Bandwidth (MB/s)
1                      23.15
2                      55.56
4                     115.27
8                     201.01
16                    405.06
32                    657.08
64                   1457.86
128                  2807.02
256                  5289.26
512                  9642.18
1024                16542.81
2048                24526.95
4096                34507.16
8192                39536.68
16384               30913.21
32768               30624.30
65536               28743.86
131072              27828.45
262144              24989.90
524288              20681.97
1048576             21030.41
