
# OSU MPI Bandwidth Test v7.5
# Datatype: MPI_CHAR.
# Size      Bandwidth (MB/s)
1                       1.85
2                       3.63
4                       7.37
8                      14.86
16                     29.98
32                     59.30
64                    117.81
128                   231.23
256                   385.10
512                   765.70
1024                 1515.72
2048                 2746.32
4096                 4540.18
8192                 7052.18
16384                9675.00
32768               10377.37
65536               11232.29
131072              11710.25
262144              11967.92
524288              12108.57
1048576             12180.68
2097152             12218.10
4194304             12236.65
