
# OSU MPI Bandwidth Test v7.5
# Datatype: MPI_CHAR.
# Size      Bandwidth (MB/s)
1                       1.82
2                       3.64
4                       7.26
8                      14.60
16                     28.79
32                     60.17
64                    118.21
128                   240.54
256                   374.38
512                   749.03
1024                 1469.08
2048                 2762.30
4096                 4561.52
8192                 7099.44
16384                9836.34
32768               10407.98
65536               11225.23
131072              11716.81
262144              11979.12
524288              12107.21
1048576             12180.70
2097152             12217.75
4194304             12235.93
