# OSU OpenSHMEM Put Bandwidth Test v7.5
# Size      Bandwidth (MB/s)
1                       0.66
2                       1.31
4                       2.63
8                       5.17
16                     10.47
32                     21.05
64                     41.96
128                    83.24
256                    51.18
512                   104.47
1024                  195.59
2048                  367.84
4096                  653.56
8192                 1190.65
16384                2040.35
32768                3181.36
65536                5136.05
131072               7245.55
262144               9033.22
524288              10425.29
1048576             11259.27
