# OSU OpenSHMEM Get Bandwidth Test v7.5
# Size      Bandwidth (MB/s)
1                       0.20
2                       0.40
4                       0.81
8                       1.62
16                      3.24
32                      6.46
64                     13.12
128                    26.11
256                    52.53
512                   101.54
1024                  185.38
2048                  367.78
4096                  659.22
8192                 1188.85
16384                2002.93
32768                3280.08
65536                5144.11
131072               7367.73
262144               9133.94
524288              10458.57
1048576             11283.50
