# OSU OpenSHMEM Put Bandwidth Test v7.5
# Size      Bandwidth (MB/s)
1                      19.80
2                      56.34
4                      92.81
8                     215.05
16                    438.36
32                    666.67
64                   1412.80
128                  2825.61
256                  5039.37
512                  9696.97
1024                16542.81
2048                24351.96
4096                34133.33
8192                37664.37
16384               30913.21
32768               30913.21
65536               30200.92
131072              30062.39
262144              27828.45
524288              22253.31
1048576             21469.62
