# OSU OpenSHMEM Get Test v7.5
# Size          Latency (us)
1                       4.94
2                       4.91
4                       4.90
8                       4.92
16                      4.96
32                      4.91
64                      4.82
128                     4.83
256                     4.85
512                     4.92
1024                    5.36
2048                    5.48
4096                    6.15
8192                    6.80
16384                   8.02
32768                  10.01
65536                  12.36
131072                 17.77
262144                 28.69
524288                 50.07
1048576                92.77
