# OSU OpenSHMEM Get Test v7.5
# Size          Latency (us)
1                       4.95
2                       4.93
4                       4.92
8                       4.98
16                      4.93
32                      5.00
64                      4.91
128                     4.88
256                     4.86
512                     5.06
1024                    5.44
2048                    5.53
4096                    6.17
8192                    6.84
16384                   8.21
32768                   9.93
65536                  12.61
131072                 23.42
262144                 28.73
524288                 49.99
1048576                92.77
