# OSU OpenSHMEM Get Test v7.5
# Size          Latency (us)
1                       0.05
2                       0.03
4                       0.04
8                       0.03
16                      0.04
32                      0.05
64                      0.05
128                     0.04
256                     0.05
512                     0.05
1024                    0.06
2048                    0.08
4096                    0.12
8192                    0.22
16384                   0.65
32768                   1.26
65536                   2.12
131072                  4.34
262144                 10.51
524288                 24.00
1048576                49.59
