# OSU OpenSHMEM Put Test v7.5
# Size          Latency (us)
1                       0.08
2                       0.06
4                       0.06
8                       0.06
16                      0.06
32                      0.07
64                      0.07
128                     0.07
256                     0.07
512                     0.08
1024                    0.09
2048                    0.11
4096                    0.14
8192                    0.23
16384                   0.55
32768                   1.06
65536                   2.14
131072                  4.27
262144                 10.67
524288                 23.64
1048576                49.62
