
# OSU MPI Bandwidth Test v7.5
# Datatype: MPI_CHAR.
# Size      Bandwidth (MB/s)
1                       4.53
2                       9.55
4                      18.75
8                      36.90
16                     75.34
32                    157.60
64                    307.32
128                   564.16
256                  1143.88
512                  1911.54
1024                 3591.28
2048                 5208.82
4096                 7681.86
8192                16974.16
16384               22167.45
32768               23300.06
65536               26044.40
131072              28543.31
262144              27315.66
524288              27053.33
1048576             27378.18
2097152             26527.79
4194304             24460.14
