
# OSU MPI Allreduce Latency Test v7.5
# Datatype: MPI_INT.
# Size       Avg Latency(us)
4                       6.76
8                       6.74
16                      6.80
32                      6.97
64                      7.20
128                     8.56
256                    11.04
512                    19.52
1024                   23.13
2048                   31.98
4096                   38.08
8192                   42.43
16384                  52.19
32768                  70.88
65536                 107.71
131072                174.35
262144                305.79
524288                585.08
1048576              1294.60
